973
581
516
835
514
462
538
840
832
604
102
642
372
437
791
53
346
215
450
270
31
878
610
8
995
284
533
46
836
177
722
559
924
927
758
63
206
106
891
127
25
241
232
186
568
846
847
434
966
782
723
139
239
447
448
614
624
367
677
703
648
388
51
909
530
247
386
828
299
752
512
735
439
87
473
216
368
502
48
22
699
674
663
848
640
597
830
229
940
374
978
456
126
122
469
137
64
120
458
430
688
687
880
492
781
623
350
507
227
221
444
328
594
888
154
993
97
876
839
638
269
895
714
366
146
194
60
196
521
263
500
7
518
793
460
930
375
718
598
318
635
225
449
573
929
904
414
915
863
369
938
798
717
476
662
532
520
578
16
116
869
131
806
562
24
829
62
121
762
10
629
742
564
939
580
517
208
396
707
630
124
900
755
801
242
744
599
800
404
321
297
712
975
885
837
133
96
61
442
543
976
855
515
525
651
20
3
110
856
43
545
435
669
181
219
772
877
957
943
964
645
115
658
488
189
850
571
572
510
76
353
312
41
932
664
698
603
795
504
223
397
501
955
739
529
18
519
222
111
258
689
468
634
570
40
330
799
656
606
180
192
894
332
626
325
705
250
275
587
694
948
77
505
494
272
371
240
783
262
98
738
949
827
693
130
582
684
550
713
675
565
161
941
933
370
352
951
977
341
802
173
872
732
165
383
224
555
818
563
74
982
132
631
233
354
152
902
92
989
411
596
27
859
226
187
203
842
67
90
1
987
751
178
420
579
499
167
212
265
728
198
487
999
884
796
12
546
288
292
21
621
637
355
527
811
822
107
726
36
29
959
936
422
6
310
431
147
335
498
633
138
609
868
709
513
391
358
773
636
359
158
231
364
495
934
549
220
769
497
672
566
805
935
300
491
329
808
881
926
972
68
80
95
737
169
996
306
903
9
747
506
417
406
817
503
384
425
535
601
141
788
756
255
866
639
451
389
531
845
844
349
348
586
479
886
557
708
493
285
646
204
615
320
188
725
42
482
685
405
421
94
311
838
342
958
916
433
860
831
814
256
889
804
264
719
113
794
771
526
304
144
854
201
123
385
170
508
649
911
336
763
749
441
140
588
200
400
260
595
467
655
470
134
676
86
360
382
475
412
459
764
454
287
950
528
690
79
965
680
39
785
403
605
729
560
484
56
779
47
857
960
373
826
787
974
789
825
585
981
251
236
988
356
883
567
281
164
84
721
162
542
984
569
381
485
679
413
954
128
316
775
761
461
271
257
357
415
647
379
716
15
443
643
340
38
670
591
283
865
489
784
622
246
616
921
922
83
85
704
701
471
210
736
197
478
184
432
753
554
293
399
849
627
819
278
317
522
446
661
968
81
5
931
879
551
339
937
898
401
392
641
810
65
37
453
917
151
166
408
660
213
990
114
871
183
906
584
59
30
136
376
870
697
861
23
650
834
541
593
286
156
261
619
733
218
4
298
481
361
185
28
474
797
75
179
327
301
209
296
268
440
445
611
715
600
112
326
347
211
71
711
768
539
486
78
956
54
896
237
617
892
945
426
101
602
171
416
337
409
583
667
821
108
774
429
540
509
692
182
730
790
150
343
190
864
253
561
331
618
88
410
243
345
244
363
26
668
678
11
99
620
841
577
282
748
109
155
193
419
997
14
424
823
234
907
175
944
913
1000
34
992
928
657
979
592
980
259
757
159
82
686
901
912
962
168
776
305
967
740
589
858
590
537
323
472
760
463
73
118
942
105
544
129
423
267
843
743
998
100
55
428
313
813
511
266
683
727
644
235
991
249
33
276
792
49
746
873
44
724
908
199
750
953
671
303
214
143
35
815
351
393
576
905
402
994
946
710
334
390
706
947
290
117
681
914
952
365
452
983
157
496
436
338
919
160
418
195
652
612
174
700
254
483
851
13
103
809
654
464
291
695
556
766
923
191
548
890
969
852
665
682
377
438
455
309
490
731
294
202
812
245
803
324
314
279
882
228
867
344
57
925
394
93
387
547
986
238
145
920
125
277
333
398
816
58
322
319
899
523
786
820
558
135
608
457
720
553
897
754
552
32
666
696
315
833
465
862
149
104
248
19
148
971
230
395
918
632
295
302
119
770
575
153
289
477
524
52
273
66
480
280
427
70
607
759
702
910
362
824
176
534
887
574
659
17
985
536
628
767
778
205
853
780
407
807
653
91
613
307
691
172
207
378
217
734
893
163
625
963
274
875
69
252
45
466
308
970
72
673
50
961
745
765
741
777
89
380
2
142
874
